[147] "Tláhuac" (400, 580)
[148] "Tlaltenco" (390, 560)
[149] "Zapotitlán" (370, 560)
[150] "Nopalera" (355, 555)
[151] "Olivos" (335, 550)
[152] "Tezonco" (315, 545)
[153] "Periférico Ote" (300, 535)
[154] "Calle 11" (280, 535)
[155] "Lomas Estrella" (260, 530)
[156] "San Andrés Tomatlán" (250, 520)
[157] "Culhuacán" (255, 500)
[158] "Mexicaltzingo" (225, 460)
[159] "Eje Central" (165, 455)
[160] "Parque de los venados" (155, 445)
[161] "Hospital 20 de Noviembre" (125, 430)
[162] "Insurgentes Sur" (110, 430)
----connections
[147][148]
[148][149]
[149][150]
[150][151]
[151][152]
[152][153]
[153][154]
[154][155]
[155][156]
[156][157]
[157][137]
[137][158]
[158][130]
[130][159]
[159][160]
[160][95]
[95][161]
[161][162]
[162][111]
