[133] "Constitución de 1917" (345, 490)
[134] "UAMI" (320, 480)
[135] "Calle de la Estrella" (300, 470)
[136] "Iztapalapa" (290, 460)
[137] "Atlalilco" (260, 470)
[138] "Escuadrón 201" (250, 445)
[139] "Aculco" (250, 430)
[140] "Apatlaco" (250, 430)
[141] "Iztacalco" (245, 400)
[142] "Coyuya" (240, 380)
[143] "La Viga" (210, 360)
[144] "Obrera" (180, 345)
[145] "Doctores" (180, 330)
[146] "San Juan de Letrán" (185, 305)
----connections
[133][134]
[134][135]
[135][136]
[136][137]
[137][138]
[138][139]
[139][140]
[140][141]
[141][142]
[142][84]
[84][143]
[143][47]
[47][144]
[144][145]
[145][33]
[33][146]
[146][121]
[121][77]
