[113] "Cuatro Caminos" (40, 240)
[114] "Panteones" (60, 240)
[115] "Cuitláhuac" (110, 250)
[116] "Popotla" (120, 260)
[117] "Colegio Militar" (130, 270)
[118] "Normal" (140, 280)
[119] "San Cosme" (150, 285)
[120] "Revolución" (160, 290)
[121] "Bellas Artes" (190, 295)
[122] "Allende" (200, 300)
[123] "Zócalo" (205, 305)
[124] "San Antonio Abad" (200, 330)
[125] "Viaducto" (190, 370)
[126] "Xola" (190, 380)
[127] "Villa de Cortés" (190, 400)
[128] "Nativitas" (190, 415)
[129] "Portales" (180, 440)
[130] "Ermita" (180, 450)
[131] "General Anaya" (180, 470)
[132] "Tasqueña" (180, 490)
----connections
[113][114]
[114][104]
[104][115]
[115][116]
[116][117]
[117][118]
[118][119]
[119][120]
[120][88]
[88][121]
[121][122]
[122][123]
[123][31]
[31][124]
[124][47]
[47][125]
[125][126]
[126][127]
[127][128]
[128][129]
[129][130]
[130][131]
[131][132]
